190000 Value 
Latency: 3.182656e-03 ms 
Bandwidth: 5.022479e-03 ms 
